<?xml version="1.0"?>
<opencv_storage>
<calibration_Time>"Tue Feb 18 15:25:51 2014"</calibration_Time>
<nrOfFrames>25</nrOfFrames>
<image_Width>640</image_Width>
<image_Height>480</image_Height>
<board_Width>8</board_Width>
<board_Height>6</board_Height>
<square_Size>72.</square_Size>
<FixAspectRatio>1.</FixAspectRatio>
<!-- flags:  +fix_aspectRatio +fix_principal_point +zero_tangent_dist -->
<flagValue>14</flagValue>
<Camera_Matrix type_id="opencv-matrix">
  <rows>3</rows>
  <cols>3</cols>
  <dt>d</dt>
  <data>
    5.4611757515788668e+02 0. 3.1950000000000000e+02 0.
    5.4611757515788668e+02 2.3950000000000000e+02 0. 0. 1.</data></Camera_Matrix>
<Distortion_Coefficients type_id="opencv-matrix">
  <rows>5</rows>
  <cols>1</cols>
  <dt>d</dt>
  <data>
    -5.2773396291152366e-02 2.3707565658712407e-02 0. 0.
    3.3414573678273596e-01</data></Distortion_Coefficients>
<Avg_Reprojection_Error>4.4609041886482714e-01</Avg_Reprojection_Error>
<Per_View_Reprojection_Errors type_id="opencv-matrix">
  <rows>25</rows>
  <cols>1</cols>
  <dt>f</dt>
  <data>
    2.52623677e-01 5.18390775e-01 3.47525626e-01 5.96000731e-01
    4.01850045e-01 3.06456894e-01 4.63738561e-01 3.66695017e-01
    1.07072115e+00 4.72645491e-01 5.05320489e-01 4.46487695e-01
    4.00758296e-01 1.82647049e-01 2.97682315e-01 2.84009188e-01
    3.16194445e-01 4.95890200e-01 5.26832223e-01 4.10734534e-01
    4.40240592e-01 1.45739436e-01 2.92494386e-01 2.43790179e-01
    4.70637679e-01</data></Per_View_Reprojection_Errors>
<!-- a set of 6-tuples (rotation vector + translation vector) for each view -->
<Extrinsic_Parameters type_id="opencv-matrix">
  <rows>25</rows>
  <cols>6</cols>
  <dt>d</dt>
  <data>
    1.9997034465867908e-01 -1.2715141327506138e-01
    2.7703192779776512e-02 -2.5804110609254423e+02
    -3.7947172449581120e+02 1.1526276702576347e+03
    1.5759641589878198e-01 -2.4363289608485028e-01
    5.8541298570654508e-02 6.5244606488696391e+01
    -2.9762620622692231e+02 1.1593634863225172e+03
    2.5092159511323483e-02 -1.6236045021596662e-01
    5.5956287644741337e-02 -2.0856654575138435e+02
    -7.8025367438276135e+01 1.3063362007881497e+03
    3.4566320812073265e-01 -2.0013664253024316e-01
    3.4128438859931881e-01 -5.5830094014824465e+02
    -4.2901591959353249e+02 1.1507705625901713e+03
    4.4844212913537024e-01 -2.5027573350523624e-01
    2.5233463266731387e-01 -5.3531405141005189e+02
    -3.1631736652138864e+02 1.1074233262388243e+03
    4.2418813616781620e-01 -3.3389411620510445e-01
    2.3464984068781614e-01 -2.3555016669995743e+02
    -4.2494321894893727e+02 1.1075501256755765e+03
    5.7826275959384221e-01 -2.1633303468722792e-01
    -4.7661777849547730e-03 -8.2771671488952208e+01
    -4.6010122229494067e+02 1.1231612508732896e+03
    6.9759819354615804e-01 8.6559052133686448e-02
    -3.0048507188526302e-01 2.5992816532620182e+01
    -2.3922821658391592e+02 1.2284391853803768e+03
    2.3280958194812934e-01 2.6031111666595763e-01
    -1.0058912294599613e-01 7.1889076189247287e+00
    -9.0346127302615983e+01 1.0958554678166677e+03
    1.3896200865105268e-01 2.6675422592077963e-01
    -4.9842951994742951e-02 -1.4720758712570864e+02
    -8.1094311559413555e+01 1.2178756828434114e+03
    8.5209132470804111e-02 1.1341331963421776e-01 6.7131811658217064e-02
    -4.4862647940494981e+02 -5.8930104403913646e+01
    1.2633611374488398e+03 -2.5704553724265489e-02
    -7.4818241522067896e-01 1.3327584178992916e-01
    -4.6455383196744390e+02 -2.4772922168896451e+02
    1.0305552237011600e+03 2.0165375081876890e-02
    -6.0552018064090296e-01 1.3953748610926175e-01
    -6.6443985649735203e+02 -3.0630841637287551e+02
    1.4920324623092479e+03 -1.1342145925930999e-01
    -3.5649190998318162e-02 -7.0757260893633167e-01
    2.8728932960937726e+02 -3.8168397426605686e+01
    1.6996191728302554e+03 -9.3750244297204285e-02
    -1.4988150751607265e-02 -3.9059032845098839e-02
    2.8545598549736508e+02 -5.2014015302705423e+02
    1.6891044218022269e+03 1.4611939051692405e-01
    -5.6043989495809787e-01 3.9703614709749091e-01
    -3.4608470315811394e+02 -5.5429299513428884e+02
    1.4727905676980738e+03 1.6958473356660031e-01
    -7.7241324909007592e-01 3.4796226451872947e-01
    -4.4712768548391477e+02 -5.5711983925569564e+02
    1.3726011123756252e+03 -1.2332189548419185e-01
    -5.2846307931008840e-01 2.7030262335765298e-01
    -4.2143548147612972e+02 -3.0653874681347867e+02
    9.9484578082357473e+02 -1.3084004264866386e-01
    -4.9202812499008525e-01 1.0194103796467320e-02
    -2.4035132632026426e+02 -2.8523676053056431e+02
    7.5992179426951213e+02 -1.7646243716350134e-02
    4.5001833052241114e-01 -2.3116373123668139e-03
    3.0423459094160172e+01 -2.5876598327009651e+02
    1.1004381054437813e+03 -6.0009300727246855e-02
    4.3139923846241163e-01 3.8317384941231650e-03 3.7272755765569321e+00
    -2.6131241700982071e+02 1.1613559151307995e+03
    -2.4198041344518743e-02 1.5899727155162094e-01
    -1.0557862659613023e-02 -3.9031775997014068e-01
    -2.7412849754122038e+02 1.4555981384375816e+03
    -2.1412547241664506e-01 -5.6910799408644608e-01
    1.0207543103434846e+00 -3.3347895001400821e+02
    -4.8340144675403258e+02 1.3846386209883156e+03
    -1.7976422630042380e-01 -5.5335749807559231e-01
    1.0564252756648693e+00 -3.1943516956343103e+02
    -4.5617015734219251e+02 1.4116335918653995e+03
    -3.3180945254508620e-01 -6.4039825301308306e-01
    1.2544493423320071e+00 -2.5612090668483813e+02
    -3.9218675198799525e+02 1.2099497030921602e+03</data></Extrinsic_Parameters>
