  RobotPos init once: dt(秒) Vx Vy  0.171273 0 0
  RobotPos init once: x y theta v w  0 0 2.12746e-317 0 0
  RobotPos init once: dt(秒) Vx Vy  0.0193244 0 0
  RobotPos init once: x y theta v w  0 0 -2.36092e-05 0 -0.00122173
T=0.018
~~~~~~~~start~~~~~~~~~~~~~~~~~~~~~~~
genobservation: dst theta Id 5.41989 2.03463 19
observer0 Landmark_observed_Num id list:  
observer1 add landmark id 19
   1
observer2 Landmark_observed_Num.size()  1
  0
  0
  0
  0
  0
  0  0  0  0  0
  0  0  0  0  0
  0  0  0  0  0
  0  0  0  0  0
  0  0  0  0  0
  0.1  0  0
  0  0.1  0
  0  0  0.38
~~~~~~~~obser finish~~~~~~~~~~~~~~~~~~~~~~~ 1
Velocity mode (Vd,Wd):  0  0.001
miu_SLAM 
miu_SLAM 
  0
  0
  0
  0
  0
Fx
  1  0  0  0  0
  0  1  0  0  0
  0  0  1  0  0
cal_temp
  0
  0
  1.8e-05
 5  0  1
xPredic_SLAM 
  0
  0
  1.8e-05
  0
  0
XpPredic_SLAM 
  0.1  0  0  0  0
  0  0.1  0  0  0
  0  0  0.38  0  0
  0  0  0  1e-06  0
  0  0  0  0  1e-06
observer mode 2.1 xPred_SLAM 
  0
  0
  1.8e-05
  -2.42481
  4.84721
  
  0
  0
  1.8e-05
  -2.42481
  4.84721
  
observer mode 3 delta  [-2.42481, 4.84721]
observer mode 4 delta zp.x zp.y   5.41989   2.03463
update check    q 29.3752
update check   Ht_temp 
  13.1422  -26.2714  0  -13.1422  26.2714
  4.84721  2.42481  -29.3752  -4.84721  -2.42481
update check   Fj 
  1  0  0  0  0
  0  1  0  0  0
  0  0  1  0  0
  0  0  0  1  0
  0  0  0  0  1
update check   xPPred_SLAM 
  0.1  0  0  0  0
  0  0.1  0  0  0
  0  0  0.38  0  0
  0  0  0  1e-06  0
  0  0  0  0  1e-06
update check   Qt 
  0.01  0
  0  0.01
update check   Ht 
  0.447392  -0.894338  0  -0.447392  0.894338
  0.16501  0.0825463  -1  -0.16501  -0.0825463
update 0.1 St 
  0.110001  -1.87911e-10
  -1.01283e-09  0.393404
update 0.2 Kt 
  0.406716  0.0419442
  -0.813027  0.0209826
  -8.8937e-09  -0.965927
  -4.06716e-06  -4.19442e-07
  8.13027e-06  -2.09826e-07
update 0.3 xPred_SLAM 
  0
  0
  1.8e-05
  -2.42481
  4.84721
update 0.3 xPPred_SLAM 
  0
  0
  1.8e-05
  -2.42481
  4.84721
update 0.4 delta_z 
  4.76837e-07
  0
update 0.31 xPred_SLAM 
  1.93937e-07
  -3.87682e-07
  1.8e-05
  -2.42481
  4.84721
update 0.41 xPPred_SLAM 
  0.0811117  0.0360279  0.0159388  1.88883e-07  -3.60279e-07
  0.0360279  0.0271147  0.00797338  -3.60279e-07  7.28853e-07
  0.0159388  0.00797337  0.0129476  -1.59388e-07  -7.97337e-08
  1.88883e-07  -3.60279e-07  -1.59388e-07  9.99998e-07  3.60279e-12
  -3.60279e-07  7.28853e-07  -7.97338e-08  3.60279e-12  9.99993e-07
update 1.0  miu_SLAM 
  1.93937e-07
  -3.87682e-07
  1.8e-05
  -2.42481
  4.84721
update 1.1  xP_SLAM 
  0.0811117  0.0360279  0.0159388  1.88883e-07  -3.60279e-07
  0.0360279  0.0271147  0.00797338  -3.60279e-07  7.28853e-07
  0.0159388  0.00797337  0.0129476  -1.59388e-07  -7.97337e-08
  1.88883e-07  -3.60279e-07  -1.59388e-07  9.99998e-07  3.60279e-12
  -3.60279e-07  7.28853e-07  -7.97338e-08  3.60279e-12  9.99993e-07
update 2.0  xPPredic_SLAM 
  0.0811117  0.0360279  0.0159388  1.88883e-07  -3.60279e-07
  0.0360279  0.0271147  0.00797337  -3.60279e-07  7.28853e-07
  0.0159388  0.00797337  0.0129476  -1.59388e-07  -7.97337e-08
  1.88883e-07  -3.60279e-07  -1.59388e-07  9.99998e-07  3.60279e-12
  -3.60279e-07  7.28853e-07  -7.97337e-08  3.60279e-12  9.99993e-07
  RobotPos init once: dt(秒) Vx Vy  0.161205 0 0
  RobotPos init once: x y theta v w  0 0 -0.000361236 0 -0.0020944
T=0.158
~~~~~~~~start~~~~~~~~~~~~~~~~~~~~~~~
observer0 Landmark_observed_Num id list:  
observer2 Landmark_observed_Num.size()  1
~~~~~~~~obser finish~~~~~~~~~~~~~~~~~~~~~~~ 1
Velocity mode (Vd,Wd):  0  0.001
miu_SLAM 
miu_SLAM 
  1.93937e-07
  -3.87682e-07
  1.8e-05
  -2.42481
  4.84721
Fx
  1  0  0  0  0
  0  1  0  0  0
  0  0  1  0  0
cal_temp
  0
  0
  0.000158
 5  1.93937e-07  1
xPredic_SLAM 
  1.93937e-07
  -3.87682e-07
  0.000176
  -2.42481
  4.84721
XpPredic_SLAM 
  0.0811117  0.0360279  0.0159388  1.88883e-07  -3.60279e-07
  0.0360279  0.0271147  0.00797337  -3.60279e-07  7.28853e-07
  0.0159388  0.00797337  0.0129476  -1.59388e-07  -7.97337e-08
  1.88883e-07  -3.60279e-07  -1.59388e-07  9.99998e-07  3.60279e-12
  -3.60279e-07  7.28853e-07  -7.97337e-08  3.60279e-12  9.99993e-07
update 1.0  miu_SLAM 
  1.93937e-07
  -3.87682e-07
  0.000176
  -2.42481
  4.84721
update 1.1  xP_SLAM 
  0.0811117  0.0360279  0.0159388  1.88883e-07  -3.60279e-07
  0.0360279  0.0271147  0.00797337  -3.60279e-07  7.28853e-07
  0.0159388  0.00797337  0.0129476  -1.59388e-07  -7.97337e-08
  1.88883e-07  -3.60279e-07  -1.59388e-07  9.99998e-07  3.60279e-12
  -3.60279e-07  7.28853e-07  -7.97337e-08  3.60279e-12  9.99993e-07
update 2.0  xPPredic_SLAM 
  0.0811117  0.0360279  0.0159388  1.88883e-07  -3.60279e-07
  0.0360279  0.0271147  0.00797337  -3.60279e-07  7.28853e-07
  0.0159388  0.00797337  0.0129476  -1.59388e-07  -7.97337e-08
  1.88883e-07  -3.60279e-07  -1.59388e-07  9.99998e-07  3.60279e-12
  -3.60279e-07  7.28853e-07  -7.97337e-08  3.60279e-12  9.99993e-07
  RobotPos init once: dt(秒) Vx Vy  0.189786 0 0
  RobotPos init once: x y theta v w  0 0 -0.000858095 0 -0.00261799
T=0.188
~~~~~~~~start~~~~~~~~~~~~~~~~~~~~~~~
genobservation: dst theta Id 5.43133 2.02421 19
observer0 Landmark_observed_Num id list:  
   1
observer2 Landmark_observed_Num.size()  1
~~~~~~~~obser finish~~~~~~~~~~~~~~~~~~~~~~~ 1
Velocity mode (Vd,Wd):  0  0.001
miu_SLAM 
miu_SLAM 
  1.93937e-07
  -3.87682e-07
  0.000176
  -2.42481
  4.84721
Fx
  1  0  0  0  0
  0  1  0  0  0
  0  0  1  0  0
cal_temp
  0
  0
  0.000188
 5  1.93937e-07  1
xPredic_SLAM 
  1.93937e-07
  -3.87682e-07
  0.000364
  -2.42481
  4.84721
XpPredic_SLAM 
  0.0811117  0.0360279  0.0159388  1.88883e-07  -3.60279e-07
  0.0360279  0.0271147  0.00797337  -3.60279e-07  7.28853e-07
  0.0159388  0.00797337  0.0129476  -1.59388e-07  -7.97337e-08
  1.88883e-07  -3.60279e-07  -1.59388e-07  9.99998e-07  3.60279e-12
  -3.60279e-07  7.28853e-07  -7.97337e-08  3.60279e-12  9.99993e-07
  
  1.93937e-07
  -3.87682e-07
  0.000364
  -2.42481
  4.84721
  
observer mode 3 delta  [-2.42481, 4.84721]
observer mode 4 delta zp.x zp.y   5.41989   2.03428
update check    q 29.3752
update check   Ht_temp 
  13.1422  -26.2714  0  -13.1422  26.2714
  4.84721  2.42481  -29.3752  -4.84721  -2.42481
update check   Fj 
  1  0  0  0  0
  0  1  0  0  0
  0  0  1  0  0
  0  0  0  1  0
  0  0  0  0  1
update check   xPPred_SLAM 
  0.0811117  0.0360279  0.0159388  1.88883e-07  -3.60279e-07
  0.0360279  0.0271147  0.00797337  -3.60279e-07  7.28853e-07
  0.0159388  0.00797337  0.0129476  -1.59388e-07  -7.97337e-08
  1.88883e-07  -3.60279e-07  -1.59388e-07  9.99998e-07  3.60279e-12
  -3.60279e-07  7.28853e-07  -7.97337e-08  3.60279e-12  9.99993e-07
update check   Qt 
  0.01  0
  0  0.01
update check   Ht 
  0.447392  -0.894338  0  -0.447392  0.894338
  0.16501  0.0825463  -1  -0.16501  -0.0825463
update 0.1 St 
  0.0190909  1.16353e-10
  1.13644e-10  0.0197458
update 0.2 Kt 
  0.213042  0.0212419
  -0.425871  0.0106262
  2.92208e-09  -0.489181
  -2.13042e-06  -2.12419e-07
  4.25871e-06  -1.06262e-07
update 0.3 xPred_SLAM 
  1.93937e-07
  -3.87682e-07
  0.000364
  -2.42481
  4.84721
update 0.3 xPPred_SLAM 
  1.93937e-07
  -3.87682e-07
  0.000364
  -2.42481
  4.84721
update 0.4 delta_z 
  0.0114379
  -0.0100646
update 0.31 xPred_SLAM 
  0.00222315
  -0.0049784
  0.00528742
  -2.42481
  4.84721
update 0.41 xPPred_SLAM 
  0.0802363  0.0377556  0.016144  1.97637e-07  -3.77556e-07
  0.0377556  0.02365  0.00807602  -3.77556e-07  7.635e-07
  0.016144  0.00807602  0.00822242  -1.6144e-07  -8.07602e-08
  1.97637e-07  -3.77556e-07  -1.6144e-07  9.99998e-07  3.77556e-12
  -3.77556e-07  7.635e-07  -8.07602e-08  3.77556e-12  9.99992e-07
update 1.0  miu_SLAM 
  0.00222315
  -0.0049784
  0.00528742
  -2.42481
  4.84721
update 1.1  xP_SLAM 
  0.0802363  0.0377556  0.016144  1.97637e-07  -3.77556e-07
  0.0377556  0.02365  0.00807602  -3.77556e-07  7.635e-07
  0.016144  0.00807602  0.00822242  -1.6144e-07  -8.07602e-08
  1.97637e-07  -3.77556e-07  -1.6144e-07  9.99998e-07  3.77556e-12
  -3.77556e-07  7.635e-07  -8.07602e-08  3.77556e-12  9.99992e-07
update 2.0  xPPredic_SLAM 
  0.0802363  0.0377556  0.016144  1.97637e-07  -3.77556e-07
  0.0377556  0.02365  0.00807602  -3.77556e-07  7.635e-07
  0.016144  0.00807602  0.00822242  -1.6144e-07  -8.07602e-08
  1.97637e-07  -3.77556e-07  -1.6144e-07  9.99998e-07  3.77556e-12
  -3.77556e-07  7.635e-07  -8.07602e-08  3.77556e-12  9.99992e-07
  RobotPos init once: dt(秒) Vx Vy  0.177363 0 0
  RobotPos init once: x y theta v w  0 0 -0.0014153 0 -0.00314159
T=0.178
~~~~~~~~start~~~~~~~~~~~~~~~~~~~~~~~
genobservation: dst theta Id 5.39129 2.02668 19
observer0 Landmark_observed_Num id list:  
   1
observer2 Landmark_observed_Num.size()  1
~~~~~~~~obser finish~~~~~~~~~~~~~~~~~~~~~~~ 1
Velocity mode (Vd,Wd):  0  0.001
miu_SLAM 
miu_SLAM 
  0.00222315
  -0.0049784
  0.00528742
  -2.42481
  4.84721
Fx
  1  0  0  0  0
  0  1  0  0  0
  0  0  1  0  0
cal_temp
  0
  0
  0.000178
 5  0.00222315  1
xPredic_SLAM 
  0.00222315
  -0.0049784
  0.00546542
  -2.42481
  4.84721
XpPredic_SLAM 
  0.0802363  0.0377556  0.016144  1.97637e-07  -3.77556e-07
  0.0377556  0.02365  0.00807602  -3.77556e-07  7.635e-07
  0.016144  0.00807602  0.00822242  -1.6144e-07  -8.07602e-08
  1.97637e-07  -3.77556e-07  -1.6144e-07  9.99998e-07  3.77556e-12
  -3.77556e-07  7.635e-07  -8.07602e-08  3.77556e-12  9.99992e-07
  
  0.00222315
  -0.0049784
  0.00546542
  -2.42481
  4.84721
  
observer mode 3 delta  [-2.42704, 4.85219]
observer mode 4 delta zp.x zp.y   5.42534   2.02913
update check    q 29.4343
update check   Ht_temp 
  13.1675  -26.3248  0  -13.1675  26.3248
  4.85219  2.42704  -29.4343  -4.85219  -2.42704
update check   Fj 
  1  0  0  0  0
  0  1  0  0  0
  0  0  1  0  0
  0  0  0  1  0
  0  0  0  0  1
update check   xPPred_SLAM 
  0.0802363  0.0377556  0.016144  1.97637e-07  -3.77556e-07
  0.0377556  0.02365  0.00807602  -3.77556e-07  7.635e-07
  0.016144  0.00807602  0.00822242  -1.6144e-07  -8.07602e-08
  1.97637e-07  -3.77556e-07  -1.6144e-07  9.99998e-07  3.77556e-12
  -3.77556e-07  7.635e-07  -8.07602e-08  3.77556e-12  9.99992e-07
update check   Qt 
  0.01  0
  0  0.01
update check   Ht 
  0.447352  -0.894358  0  -0.447352  0.894358
  0.164848  0.0824562  -1  -0.164848  -0.0824562
update 0.1 St 
  0.0147619  2.95206e-08
  2.95326e-08  0.0149356
update 0.2 Kt 
  0.144054  0.0131239
  -0.288625  0.00656298
  -5.31674e-05  -0.327752
  -1.44054e-06  -1.31239e-07
  2.88626e-06  -6.56309e-08
update 0.3 xPred_SLAM 
  0.00222315
  -0.0049784
  0.00546542
  -2.42481
  4.84721
update 0.3 xPPred_SLAM 
  0.00222315
  -0.0049784
  0.00546542
  -2.42481
  4.84721
update 0.4 delta_z 
  -0.03405
  -0.00245595
update 0.31 xPred_SLAM 
  -0.00271413
  0.00483317
  0.00627217
  -2.42481
  4.84721
update 0.41 xPPred_SLAM 
  0.0799274  0.038368  0.0162083  2.00726e-07  -3.8368e-07
  0.038368  0.0224196  0.00810791  -3.8368e-07  7.75804e-07
  0.0162083  0.00810791  0.00661802  -1.62083e-07  -8.10791e-08
  2.00726e-07  -3.8368e-07  -1.62083e-07  9.99998e-07  3.8368e-12
  -3.8368e-07  7.75804e-07  -8.10791e-08  3.83681e-12  9.99992e-07
update 1.0  miu_SLAM 
  -0.00271413
  0.00483317
  0.00627217
  -2.42481
  4.84721
update 1.1  xP_SLAM 
  0.0799274  0.038368  0.0162083  2.00726e-07  -3.8368e-07
  0.038368  0.0224196  0.00810791  -3.8368e-07  7.75804e-07
  0.0162083  0.00810791  0.00661802  -1.62083e-07  -8.10791e-08
  2.00726e-07  -3.8368e-07  -1.62083e-07  9.99998e-07  3.8368e-12
  -3.8368e-07  7.75804e-07  -8.10791e-08  3.83681e-12  9.99992e-07
update 2.0  xPPredic_SLAM 
  0.0799274  0.038368  0.0162083  2.00726e-07  -3.8368e-07
  0.038368  0.0224196  0.00810791  -3.8368e-07  7.75804e-07
  0.0162083  0.00810791  0.00661802  -1.62083e-07  -8.10791e-08
  2.00726e-07  -3.8368e-07  -1.62083e-07  9.99998e-07  3.83681e-12
  -3.8368e-07  7.75804e-07  -8.10791e-08  3.83681e-12  9.99992e-07
  RobotPos init once: dt(秒) Vx Vy  0.160663 0 0
  RobotPos init once: x y theta v w  0 0 -0.00245281 0 -0.00645772
T=0.162
~~~~~~~~start~~~~~~~~~~~~~~~~~~~~~~~
genobservation: dst theta Id 5.36334 2.03208 19
observer0 Landmark_observed_Num id list:  
   1
observer2 Landmark_observed_Num.size()  1
~~~~~~~~obser finish~~~~~~~~~~~~~~~~~~~~~~~ 1
Velocity mode (Vd,Wd):  0  0.001
miu_SLAM 
miu_SLAM 
  -0.00271413
  0.00483317
  0.00627217
  -2.42481
  4.84721
Fx
  1  0  0  0  0
  0  1  0  0  0
  0  0  1  0  0
cal_temp
  0
  0
  0.000162
 5  -0.00271413  1
xPredic_SLAM 
  -0.00271413
  0.00483317
  0.00643417
  -2.42481
  4.84721
XpPredic_SLAM 
  0.0799274  0.038368  0.0162083  2.00726e-07  -3.8368e-07
  0.038368  0.0224196  0.00810791  -3.8368e-07  7.75804e-07
  0.0162083  0.00810791  0.00661803  -1.62083e-07  -8.10791e-08
  2.00726e-07  -3.8368e-07  -1.62083e-07  9.99998e-07  3.83681e-12
  -3.8368e-07  7.75804e-07  -8.10791e-08  3.83681e-12  9.99992e-07
  
  -0.00271413
  0.00483317
  0.00643417
  -2.42481
  4.84721
  
observer mode 3 delta  [-2.4221, 4.84238]
observer mode 4 delta zp.x zp.y   5.41435   2.02816
update check    q 29.3152
update check   Ht_temp 
  13.1141  -26.2184  0  -13.1141  26.2184
  4.84238  2.4221  -29.3152  -4.84238  -2.4221
update check   Fj 
  1  0  0  0  0
  0  1  0  0  0
  0  0  1  0  0
  0  0  0  1  0
  0  0  0  0  1
update check   xPPred_SLAM 
  0.0799274  0.038368  0.0162083  2.00726e-07  -3.8368e-07
  0.038368  0.0224196  0.00810791  -3.8368e-07  7.75804e-07
  0.0162083  0.00810791  0.00661803  -1.62083e-07  -8.10791e-08
  2.00726e-07  -3.8368e-07  -1.62083e-07  9.99998e-07  3.83681e-12
  -3.8368e-07  7.75804e-07  -8.10791e-08  3.83681e-12  9.99992e-07
update check   Qt 
  0.01  0
  0  0.01
update check   Ht 
  0.447348  -0.89436  0  -0.447348  0.89436
  0.165183  0.0826226  -1  -0.165183  -0.0826226
update 0.1 St 
  0.0132258  1.42061e-08
  1.42147e-08  0.0133047
update 0.2 Kt 
  0.108886  0.0123555
  -0.218246  0.00617916
  -4.67034e-05  -0.245834
  -1.08886e-06  -1.23555e-07
  2.18246e-06  -6.17928e-08
update 0.3 xPred_SLAM 
  -0.00271413
  0.00483317
  0.00643417
  -2.42481
  4.84721
update 0.3 xPPred_SLAM 
  -0.00271413
  0.00483317
  0.00643417
  -2.42481
  4.84721
update 0.4 delta_z 
  -0.0510168
  0.00392413
update 0.31 xPred_SLAM 
  -0.00822066
  0.0159916
  0.00547187
  -2.42481
  4.84721
update 0.41 xPPred_SLAM 
  0.0797686  0.0386813  0.0162488  2.02314e-07  -3.86813e-07
  0.0386813  0.0217892  0.00812799  -3.86813e-07  7.82108e-07
  0.0162488  0.00812799  0.00581396  -1.62488e-07  -8.12799e-08
  2.02314e-07  -3.86813e-07  -1.62488e-07  9.99998e-07  3.86813e-12
  -3.86813e-07  7.82108e-07  -8.12799e-08  3.86813e-12  9.99992e-07
update 1.0  miu_SLAM 
  -0.00822066
  0.0159916
  0.00547187
  -2.42481
  4.84721
update 1.1  xP_SLAM 
  0.0797686  0.0386813  0.0162488  2.02314e-07  -3.86813e-07
  0.0386813  0.0217892  0.00812799  -3.86813e-07  7.82108e-07
  0.0162488  0.00812799  0.00581396  -1.62488e-07  -8.12799e-08
  2.02314e-07  -3.86813e-07  -1.62488e-07  9.99998e-07  3.86813e-12
  -3.86813e-07  7.82108e-07  -8.12799e-08  3.86813e-12  9.99992e-07
update 2.0  xPPredic_SLAM 
  0.0797686  0.0386813  0.0162488  2.02314e-07  -3.86813e-07
  0.0386813  0.0217892  0.00812799  -3.86813e-07  7.82108e-07
  0.0162488  0.00812799  0.00581396  -1.62488e-07  -8.12799e-08
  2.02314e-07  -3.86813e-07  -1.62488e-07  9.99998e-07  3.86813e-12
  -3.86813e-07  7.82108e-07  -8.12799e-08  3.86813e-12  9.99992e-07
  RobotPos init once: dt(秒) Vx Vy  0.159153 0 0
  RobotPos init once: x y theta v w  0 0 -0.00264726 0 -0.00122173
T=0.157
~~~~~~~~start~~~~~~~~~~~~~~~~~~~~~~~
observer0 Landmark_observed_Num id list:  
observer2 Landmark_observed_Num.size()  1
~~~~~~~~obser finish~~~~~~~~~~~~~~~~~~~~~~~ 1
Velocity mode (Vd,Wd):  0  0.001
miu_SLAM 
miu_SLAM 
  -0.00822066
  0.0159916
  0.00547187
  -2.42481
  4.84721
Fx
  1  0  0  0  0
  0  1  0  0  0
  0  0  1  0  0
cal_temp
  0
  0
  0.000157
 5  -0.00822066  1
xPredic_SLAM 
  -0.00822066
  0.0159916
  0.00562887
  -2.42481
  4.84721
XpPredic_SLAM 
  0.0797686  0.0386813  0.0162488  2.02314e-07  -3.86813e-07
  0.0386813  0.0217892  0.00812799  -3.86813e-07  7.82108e-07
  0.0162488  0.00812799  0.00581397  -1.62488e-07  -8.12799e-08
  2.02314e-07  -3.86813e-07  -1.62488e-07  9.99998e-07  3.86813e-12
  -3.86813e-07  7.82108e-07  -8.12799e-08  3.86813e-12  9.99992e-07
update 1.0  miu_SLAM 
  -0.00822066
  0.0159916
  0.00562887
  -2.42481
  4.84721
update 1.1  xP_SLAM 
  0.0797686  0.0386813  0.0162488  2.02314e-07  -3.86813e-07
  0.0386813  0.0217892  0.00812799  -3.86813e-07  7.82108e-07
  0.0162488  0.00812799  0.00581397  -1.62488e-07  -8.12799e-08
  2.02314e-07  -3.86813e-07  -1.62488e-07  9.99998e-07  3.86813e-12
  -3.86813e-07  7.82108e-07  -8.12799e-08  3.86813e-12  9.99992e-07
update 2.0  xPPredic_SLAM 
  0.0797686  0.0386813  0.0162488  2.02314e-07  -3.86813e-07
  0.0386813  0.0217892  0.00812799  -3.86813e-07  7.82108e-07
  0.0162488  0.00812799  0.00581397  -1.62488e-07  -8.12799e-08
  2.02314e-07  -3.86813e-07  -1.62488e-07  9.99998e-07  3.86813e-12
  -3.86813e-07  7.82108e-07  -8.12799e-08  3.86813e-12  9.99992e-07
  RobotPos init once: dt(秒) Vx Vy  0.1528 0 0
  RobotPos init once: x y theta v w  0 0 -0.00355399 0 -0.00593412
T=0.153
~~~~~~~~start~~~~~~~~~~~~~~~~~~~~~~~
observer0 Landmark_observed_Num id list:  
observer2 Landmark_observed_Num.size()  1
~~~~~~~~obser finish~~~~~~~~~~~~~~~~~~~~~~~ 1
Velocity mode (Vd,Wd):  0  0.001
miu_SLAM 
miu_SLAM 
  -0.00822066
  0.0159916
  0.00562887
  -2.42481
  4.84721
Fx
  1  0  0  0  0
  0  1  0  0  0
  0  0  1  0  0
cal_temp
  0
  0
  0.000153
 5  -0.00822066  1
xPredic_SLAM 
  -0.00822066
  0.0159916
  0.00578187
  -2.42481
  4.84721
XpPredic_SLAM 
  0.0797686  0.0386813  0.0162488  2.02314e-07  -3.86813e-07
  0.0386813  0.0217892  0.00812799  -3.86813e-07  7.82108e-07
  0.0162488  0.00812799  0.00581397  -1.62488e-07  -8.12799e-08
  2.02314e-07  -3.86813e-07  -1.62488e-07  9.99998e-07  3.86813e-12
  -3.86813e-07  7.82108e-07  -8.12799e-08  3.86813e-12  9.99992e-07
update 1.0  miu_SLAM 
  -0.00822066
  0.0159916
  0.00578187
  -2.42481
  4.84721
update 1.1  xP_SLAM 
  0.0797686  0.0386813  0.0162488  2.02314e-07  -3.86813e-07
  0.0386813  0.0217892  0.00812799  -3.86813e-07  7.82108e-07
  0.0162488  0.00812799  0.00581397  -1.62488e-07  -8.12799e-08
  2.02314e-07  -3.86813e-07  -1.62488e-07  9.99998e-07  3.86813e-12
  -3.86813e-07  7.82108e-07  -8.12799e-08  3.86813e-12  9.99992e-07
update 2.0  xPPredic_SLAM 
  0.0797686  0.0386813  0.0162488  2.02314e-07  -3.86813e-07
  0.0386813  0.0217892  0.00812799  -3.86813e-07  7.82108e-07
  0.0162488  0.00812799  0.00581397  -1.62488e-07  -8.12799e-08
  2.02314e-07  -3.86813e-07  -1.62488e-07  9.99998e-07  3.86813e-12
  -3.86813e-07  7.82108e-07  -8.12799e-08  3.86813e-12  9.99992e-07
  RobotPos init once: dt(秒) Vx Vy  0.157624 0 0
  RobotPos init once: x y theta v w  0 0 -0.00415922 0 -0.00383972
T=0.159
~~~~~~~~start~~~~~~~~~~~~~~~~~~~~~~~
genobservation: dst theta Id 5.35622 2.03346 19
observer0 Landmark_observed_Num id list:  
   1
observer2 Landmark_observed_Num.size()  1
~~~~~~~~obser finish~~~~~~~~~~~~~~~~~~~~~~~ 1
Velocity mode (Vd,Wd):  0  0.001
miu_SLAM 
miu_SLAM 
  -0.00822066
  0.0159916
  0.00578187
  -2.42481
  4.84721
Fx
  1  0  0  0  0
  0  1  0  0  0
  0  0  1  0  0
cal_temp
  0
  0
  0.000159
 5  -0.00822066  1
xPredic_SLAM 
  -0.00822066
  0.0159916
  0.00594087
  -2.42481
  4.84721
XpPredic_SLAM 
  0.0797686  0.0386813  0.0162488  2.02314e-07  -3.86813e-07
  0.0386813  0.0217892  0.00812799  -3.86813e-07  7.82108e-07
  0.0162488  0.00812799  0.00581397  -1.62488e-07  -8.12799e-08
  2.02314e-07  -3.86813e-07  -1.62488e-07  9.99998e-07  3.86813e-12
  -3.86813e-07  7.82108e-07  -8.12799e-08  3.86813e-12  9.99992e-07
  
  -0.00822066
  0.0159916
  0.00594087
  -2.42481
  4.84721
  
observer mode 3 delta  [-2.41659, 4.83122]
observer mode 4 delta zp.x zp.y   5.40191   2.02867
update check    q 29.1806
update check   Ht_temp 
  13.0542  -26.0978  0  -13.0542  26.0978
  4.83122  2.41659  -29.1806  -4.83122  -2.41659
update check   Fj 
  1  0  0  0  0
  0  1  0  0  0
  0  0  1  0  0
  0  0  0  1  0
  0  0  0  0  1
update check   xPPred_SLAM 
  0.0797686  0.0386813  0.0162488  2.02314e-07  -3.86813e-07
  0.0386813  0.0217892  0.00812799  -3.86813e-07  7.82108e-07
  0.0162488  0.00812799  0.00581397  -1.62488e-07  -8.12799e-08
  2.02314e-07  -3.86813e-07  -1.62488e-07  9.99998e-07  3.86813e-12
  -3.86813e-07  7.82108e-07  -8.12799e-08  3.86813e-12  9.99992e-07
update check   Qt 
  0.01  0
  0  0.01
update check   Ht 
  0.447359  -0.894354  0  -0.447359  0.894354
  0.165563  0.082815  -1  -0.165563  -0.082815
update 0.1 St 
  0.012439  3.78474e-09
  3.80164e-09  0.012484
update 0.2 Kt 
  0.0876242  0.0129177
  -0.175408  0.00646119
  -1.93749e-05  -0.196301
  -8.76241e-07  -1.29177e-07
  1.75408e-06  -6.46131e-08
update 0.3 xPred_SLAM 
  -0.00822066
  0.0159916
  0.00594087
  -2.42481
  4.84721
update 0.3 xPPred_SLAM 
  -0.00822066
  0.0159916
  0.00594087
  -2.42481
  4.84721
update 0.4 delta_z 
  -0.0456886
  0.00479865
update 0.31 xPred_SLAM 
  -0.0121621
  0.0240368
  0.00499977
  -2.42481
  4.84721
update 0.41 xPPred_SLAM 
  0.079671  0.0388715  0.0162805  2.0329e-07  -3.88715e-07
  0.0388715  0.0214059  0.00814378  -3.88715e-07  7.85941e-07
  0.0162805  0.00814378  0.00533291  -1.62805e-07  -8.14378e-08
  2.0329e-07  -3.88715e-07  -1.62805e-07  9.99998e-07  3.88715e-12
  -3.88715e-07  7.85941e-07  -8.14378e-08  3.88715e-12  9.99992e-07
update 1.0  miu_SLAM 
  -0.0121621
  0.0240368
  0.00499977
  -2.42481
  4.84721
update 1.1  xP_SLAM 
  0.079671  0.0388715  0.0162805  2.0329e-07  -3.88715e-07
  0.0388715  0.0214059  0.00814378  -3.88715e-07  7.85941e-07
  0.0162805  0.00814378  0.00533291  -1.62805e-07  -8.14378e-08
  2.0329e-07  -3.88715e-07  -1.62805e-07  9.99998e-07  3.88715e-12
  -3.88715e-07  7.85941e-07  -8.14378e-08  3.88715e-12  9.99992e-07
update 2.0  xPPredic_SLAM 
  0.079671  0.0388715  0.0162805  2.0329e-07  -3.88715e-07
  0.0388715  0.0214059  0.00814378  -3.88715e-07  7.85941e-07
  0.0162805  0.00814378  0.00533291  -1.62805e-07  -8.14378e-08
  2.0329e-07  -3.88715e-07  -1.62805e-07  9.99998e-07  3.88715e-12
  -3.88715e-07  7.85941e-07  -8.14378e-08  3.88715e-12  9.99992e-07
  RobotPos init once: dt(秒) Vx Vy  0.170842 0 0
  RobotPos init once: x y theta v w  0 0 -0.00502393 0 -0.00506145
T=0.168
~~~~~~~~start~~~~~~~~~~~~~~~~~~~~~~~
genobservation: dst theta Id 5.40734 2.0305 19
observer0 Landmark_observed_Num id list:  
   1
observer2 Landmark_observed_Num.size()  1
~~~~~~~~obser finish~~~~~~~~~~~~~~~~~~~~~~~ 1
Velocity mode (Vd,Wd):  0  0.001
miu_SLAM 
miu_SLAM 
  -0.0121621
  0.0240368
  0.00499977
  -2.42481
  4.84721
Fx
  1  0  0  0  0
  0  1  0  0  0
  0  0  1  0  0
cal_temp
  0
  0
  0.000168
 5  -0.0121621  1
xPredic_SLAM 
  -0.0121621
  0.0240368
  0.00516777
  -2.42481
  4.84721
XpPredic_SLAM 
  0.079671  0.0388715  0.0162805  2.0329e-07  -3.88715e-07
  0.0388715  0.0214059  0.00814378  -3.88715e-07  7.85941e-07
  0.0162805  0.00814378  0.00533292  -1.62805e-07  -8.14378e-08
  2.0329e-07  -3.88715e-07  -1.62805e-07  9.99998e-07  3.88715e-12
  -3.88715e-07  7.85941e-07  -8.14378e-08  3.88715e-12  9.99992e-07
  
  -0.0121621
  0.0240368
  0.00516777
  -2.42481
  4.84721
  
observer mode 3 delta  [-2.41265, 4.82318]
observer mode 4 delta zp.x zp.y   5.39295   2.02945
update check    q 29.0839
update check   Ht_temp 
  13.0113  -26.0112  0  -13.0113  26.0112
  4.82318  2.41265  -29.0839  -4.82318  -2.41265
update check   Fj 
  1  0  0  0  0
  0  1  0  0  0
  0  0  1  0  0
  0  0  0  1  0
  0  0  0  0  1
update check   xPPred_SLAM 
  0.079671  0.0388715  0.0162805  2.0329e-07  -3.88715e-07
  0.0388715  0.0214059  0.00814378  -3.88715e-07  7.85941e-07
  0.0162805  0.00814378  0.00533292  -1.62805e-07  -8.14378e-08
  2.0329e-07  -3.88715e-07  -1.62805e-07  9.99998e-07  3.88715e-12
  -3.88715e-07  7.85941e-07  -8.14378e-08  3.88715e-12  9.99992e-07
update check   Qt 
  0.01  0
  0  0.01
update check   Ht 
  0.447371  -0.894348  0  -0.447371  0.894348
  0.165837  0.0829548  -1  -0.165837  -0.0829548
update 0.1 St 
  0.0119608  -1.15762e-09
  -1.15382e-09  0.0119898
update 0.2 Kt 
  0.0733607  0.0130471
  -0.146602  0.00652651
  4.61788e-06  -0.163256
  -7.33609e-07  -1.30473e-07
  1.46602e-06  -6.5266e-08
update 0.3 xPred_SLAM 
  -0.0121621
  0.0240368
  0.00516777
  -2.42481
  4.84721
update 0.3 xPPred_SLAM 
  -0.0121621
  0.0240368
  0.00516777
  -2.42481
  4.84721
update 0.4 delta_z 
  0.014389
  0.00105119
update 0.31 xPred_SLAM 
  -0.0110928
  0.0219342
  0.00499623
  -2.42481
  4.84721
update 0.41 xPPred_SLAM 
  0.0796046  0.0389991  0.016306  2.03954e-07  -3.89991e-07
  0.0389991  0.0211483  0.00815656  -3.89991e-07  7.88517e-07
  0.016306  0.00815656  0.00501336  -1.6306e-07  -8.15656e-08
  2.03954e-07  -3.89991e-07  -1.6306e-07  9.99998e-07  3.89991e-12
  -3.89991e-07  7.88517e-07  -8.15656e-08  3.89991e-12  9.99992e-07
update 1.0  miu_SLAM 
  -0.0110928
  0.0219342
  0.00499623
  -2.42481
  4.84721
update 1.1  xP_SLAM 
  0.0796046  0.0389991  0.016306  2.03954e-07  -3.89991e-07
  0.0389991  0.0211483  0.00815656  -3.89991e-07  7.88517e-07
  0.016306  0.00815656  0.00501336  -1.6306e-07  -8.15656e-08
  2.03954e-07  -3.89991e-07  -1.6306e-07  9.99998e-07  3.89991e-12
  -3.89991e-07  7.88517e-07  -8.15656e-08  3.89991e-12  9.99992e-07
update 2.0  xPPredic_SLAM 
  0.0796046  0.0389991  0.016306  2.03954e-07  -3.89991e-07
  0.0389991  0.0211483  0.00815656  -3.89991e-07  7.88517e-07
  0.016306  0.00815656  0.00501336  -1.6306e-07  -8.15656e-08
  2.03954e-07  -3.89991e-07  -1.6306e-07  9.99998e-07  3.89991e-12
  -3.89991e-07  7.88517e-07  -8.15656e-08  3.89991e-12  9.99992e-07
  RobotPos init once: dt(秒) Vx Vy  0.151506 0 0
  RobotPos init once: x y theta v w  0 0 -0.00536769 0 -0.00226893
T=0.153
~~~~~~~~start~~~~~~~~~~~~~~~~~~~~~~~
genobservation: dst theta Id 5.40525 2.03118 19
observer0 Landmark_observed_Num id list:  
   1
observer2 Landmark_observed_Num.size()  1
~~~~~~~~obser finish~~~~~~~~~~~~~~~~~~~~~~~ 1
Velocity mode (Vd,Wd):  0  0.001
miu_SLAM 
miu_SLAM 
  -0.0110928
  0.0219342
  0.00499623
  -2.42481
  4.84721
Fx
  1  0  0  0  0
  0  1  0  0  0
  0  0  1  0  0
cal_temp
  0
  0
  0.000153
 5  -0.0110928  1
xPredic_SLAM 
  -0.0110928
  0.0219342
  0.00514923
  -2.42481
  4.84721
XpPredic_SLAM 
  0.0796046  0.0389991  0.016306  2.03954e-07  -3.89991e-07
  0.0389991  0.0211483  0.00815656  -3.89991e-07  7.88517e-07
  0.016306  0.00815656  0.00501336  -1.6306e-07  -8.15656e-08
  2.03954e-07  -3.89991e-07  -1.6306e-07  9.99998e-07  3.89991e-12
  -3.89991e-07  7.88517e-07  -8.15656e-08  3.89991e-12  9.99992e-07
  
  -0.0110928
  0.0219342
  0.00514923
  -2.42481
  4.84721
  
observer mode 3 delta  [-2.41372, 4.82528]
observer mode 4 delta zp.x zp.y   5.39531   2.02947
update check    q 29.1094
update check   Ht_temp 
  13.0228  -26.0339  0  -13.0228  26.0339
  4.82528  2.41372  -29.1094  -4.82528  -2.41372
update check   Fj 
  1  0  0  0  0
  0  1  0  0  0
  0  0  1  0  0
  0  0  0  1  0
  0  0  0  0  1
update check   xPPred_SLAM 
  0.0796046  0.0389991  0.016306  2.03954e-07  -3.89991e-07
  0.0389991  0.0211483  0.00815656  -3.89991e-07  7.88517e-07
  0.016306  0.00815656  0.00501336  -1.6306e-07  -8.15656e-08
  2.03954e-07  -3.89991e-07  -1.6306e-07  9.99998e-07  3.89991e-12
  -3.89991e-07  7.88517e-07  -8.15656e-08  3.89991e-12  9.99992e-07
update check   Qt 
  0.01  0
  0  0.01
update check   Ht 
  0.447374  -0.894347  0  -0.447374  0.894347
  0.165764  0.082919  -1  -0.165764  -0.082919
update 0.1 St 
  0.0116393  -1.86085e-09
  -1.85335e-09  0.0116596
update 0.2 Kt 
  0.0630503  0.0105735
  -0.125943  0.00528927
  8.54846e-06  -0.140145
  -6.30507e-07  -1.05737e-07
  1.25943e-06  -5.28936e-08
update 0.3 xPred_SLAM 
  -0.0110928
  0.0219342
  0.00514923
  -2.42481
  4.84721
update 0.3 xPPred_SLAM 
  -0.0110928
  0.0219342
  0.00514923
  -2.42481
  4.84721
update 0.4 delta_z 
  0.00993967
  0.0017066
update 0.31 xPred_SLAM 
  -0.0104481
  0.0206914
  0.00491014
  -2.42481
  4.84721
update 0.41 xPPred_SLAM 
  0.079557  0.0390909  0.0163233  2.0443e-07  -3.90909e-07
  0.0390909  0.0209634  0.00816522  -3.90909e-07  7.90366e-07
  0.0163233  0.00816522  0.00478435  -1.63233e-07  -8.16522e-08
  2.0443e-07  -3.90909e-07  -1.63233e-07  9.99998e-07  3.90909e-12
  -3.90909e-07  7.90366e-07  -8.16522e-08  3.90909e-12  9.99992e-07
update 1.0  miu_SLAM 
  -0.0104481
  0.0206914
  0.00491014
  -2.42481
  4.84721
update 1.1  xP_SLAM 
  0.079557  0.0390909  0.0163233  2.0443e-07  -3.90909e-07
  0.0390909  0.0209634  0.00816522  -3.90909e-07  7.90366e-07
  0.0163233  0.00816522  0.00478435  -1.63233e-07  -8.16522e-08
  2.0443e-07  -3.90909e-07  -1.63233e-07  9.99998e-07  3.90909e-12
  -3.90909e-07  7.90366e-07  -8.16522e-08  3.90909e-12  9.99992e-07
update 2.0  xPPredic_SLAM 
  0.079557  0.0390909  0.0163233  2.0443e-07  -3.90909e-07
  0.0390909  0.0209634  0.00816522  -3.90909e-07  7.90366e-07
  0.0163233  0.00816522  0.00478435  -1.63233e-07  -8.16522e-08
  2.0443e-07  -3.90909e-07  -1.63233e-07  9.99998e-07  3.90909e-12
  -3.90909e-07  7.90366e-07  -8.16522e-08  3.90909e-12  9.99992e-07
  RobotPos init once: dt(秒) Vx Vy  0.15727 0 0
  RobotPos init once: x y theta v w  0 0 -0.00608136 0 -0.00453786
T=0.16
~~~~~~~~start~~~~~~~~~~~~~~~~~~~~~~~
observer0 Landmark_observed_Num id list:  
observer2 Landmark_observed_Num.size()  1
~~~~~~~~obser finish~~~~~~~~~~~~~~~~~~~~~~~ 1
Velocity mode (Vd,Wd):  0  0.001
miu_SLAM 
miu_SLAM 
  -0.0104481
  0.0206914
  0.00491014
  -2.42481
  4.84721
Fx
  1  0  0  0  0
  0  1  0  0  0
  0  0  1  0  0
cal_temp
  0
  0
  0.00016
 5  -0.0104481  1
xPredic_SLAM 
  -0.0104481
  0.0206914
  0.00507014
  -2.42481
  4.84721
XpPredic_SLAM 
  0.079557  0.0390909  0.0163233  2.0443e-07  -3.90909e-07
  0.0390909  0.0209634  0.00816522  -3.90909e-07  7.90366e-07
  0.0163233  0.00816522  0.00478436  -1.63233e-07  -8.16522e-08
  2.0443e-07  -3.90909e-07  -1.63233e-07  9.99998e-07  3.90909e-12
  -3.90909e-07  7.90366e-07  -8.16522e-08  3.90909e-12  9.99992e-07
update 1.0  miu_SLAM 
  -0.0104481
  0.0206914
  0.00507014
  -2.42481
  4.84721
update 1.1  xP_SLAM 
  0.079557  0.0390909  0.0163233  2.0443e-07  -3.90909e-07
  0.0390909  0.0209634  0.00816522  -3.90909e-07  7.90366e-07
  0.0163233  0.00816522  0.00478436  -1.63233e-07  -8.16522e-08
  2.0443e-07  -3.90909e-07  -1.63233e-07  9.99998e-07  3.90909e-12
  -3.90909e-07  7.90366e-07  -8.16522e-08  3.90909e-12  9.99992e-07
update 2.0  xPPredic_SLAM 
  0.079557  0.0390909  0.0163233  2.0443e-07  -3.90909e-07
  0.0390909  0.0209634  0.00816522  -3.90909e-07  7.90366e-07
  0.0163233  0.00816522  0.00478436  -1.63233e-07  -8.16522e-08
  2.0443e-07  -3.90909e-07  -1.63233e-07  9.99998e-07  3.90909e-12
  -3.90909e-07  7.90366e-07  -8.16522e-08  3.90909e-12  9.99992e-07
  RobotPos init once: dt(秒) Vx Vy  0.176639 0 0
  RobotPos init once: x y theta v w  0 0 -0.00666711 0 -0.00331613
T=0.175
~~~~~~~~start~~~~~~~~~~~~~~~~~~~~~~~
genobservation: dst theta Id 5.39876 2.02872 19
observer0 Landmark_observed_Num id list:  
   1
observer2 Landmark_observed_Num.size()  1
~~~~~~~~obser finish~~~~~~~~~~~~~~~~~~~~~~~ 1
Velocity mode (Vd,Wd):  0  0.001
miu_SLAM 
miu_SLAM 
  -0.0104481
  0.0206914
  0.00507014
  -2.42481
  4.84721
Fx
  1  0  0  0  0
  0  1  0  0  0
  0  0  1  0  0
cal_temp
  0
  0
  0.000175
 5  -0.0104481  1
xPredic_SLAM 
  -0.0104481
  0.0206914
  0.00524514
  -2.42481
  4.84721
XpPredic_SLAM 
  0.079557  0.0390909  0.0163233  2.0443e-07  -3.90909e-07
  0.0390909  0.0209634  0.00816522  -3.90909e-07  7.90366e-07
  0.0163233  0.00816522  0.00478436  -1.63233e-07  -8.16522e-08
  2.0443e-07  -3.90909e-07  -1.63233e-07  9.99998e-07  3.90909e-12
  -3.90909e-07  7.90366e-07  -8.16522e-08  3.90909e-12  9.99992e-07
  
  -0.0104481
  0.0206914
  0.00524514
  -2.42481
  4.84721
  
observer mode 3 delta  [-2.41437, 4.82652]
observer mode 4 delta zp.x zp.y   5.39671   2.02938
update check    q 29.1245
update check   Ht_temp 
  13.0296  -26.0473  0  -13.0296  26.0473
  4.82652  2.41437  -29.1245  -4.82652  -2.41437
update check   Fj 
  1  0  0  0  0
  0  1  0  0  0
  0  0  1  0  0
  0  0  0  1  0
  0  0  0  0  1
update check   xPPred_SLAM 
  0.079557  0.0390909  0.0163233  2.0443e-07  -3.90909e-07
  0.0390909  0.0209634  0.00816522  -3.90909e-07  7.90366e-07
  0.0163233  0.00816522  0.00478436  -1.63233e-07  -8.16522e-08
  2.0443e-07  -3.90909e-07  -1.63233e-07  9.99998e-07  3.90909e-12
  -3.90909e-07  7.90366e-07  -8.16522e-08  3.90909e-12  9.99992e-07
update check   Qt 
  0.01  0
  0  0.01
update check   Ht 
  0.447377  -0.894345  0  -0.447377  0.894345
  0.16572  0.0828982  -1  -0.16572  -0.0828982
update 0.1 St 
  0.0114085  -2.0568e-09
  -2.06452e-09  0.0114234
update 0.2 Kt 
  0.055296  0.00888297
  -0.110379  0.0044437
  1.35906e-05  -0.12276
  -5.52962e-07  -8.88322e-08
  1.1038e-06  -4.4438e-08
update 0.3 xPred_SLAM 
  -0.0104481
  0.0206914
  0.00524514
  -2.42481
  4.84721
update 0.3 xPPred_SLAM 
  -0.0104481
  0.0206914
  0.00524514
  -2.42481
  4.84721
update 0.4 delta_z 
  0.00204611
  -0.000664711
update 0.31 xPred_SLAM 
  -0.0103408
  0.0204626
  0.00532677
  -2.42481
  4.84721
update 0.41 xPPred_SLAM 
  0.0795212  0.03916  0.0163358  2.04788e-07  -3.916e-07
  0.03916  0.0208242  0.00817147  -3.916e-07  7.91758e-07
  0.0163358  0.00817147  0.00461221  -1.63358e-07  -8.17147e-08
  2.04788e-07  -3.916e-07  -1.63358e-07  9.99998e-07  3.916e-12
  -3.916e-07  7.91758e-07  -8.17147e-08  3.916e-12  9.99992e-07
update 1.0  miu_SLAM 
  -0.0103408
  0.0204626
  0.00532677
  -2.42481
  4.84721
update 1.1  xP_SLAM 
  0.0795212  0.03916  0.0163358  2.04788e-07  -3.916e-07
  0.03916  0.0208242  0.00817147  -3.916e-07  7.91758e-07
  0.0163358  0.00817147  0.00461221  -1.63358e-07  -8.17147e-08
  2.04788e-07  -3.916e-07  -1.63358e-07  9.99998e-07  3.916e-12
  -3.916e-07  7.91758e-07  -8.17147e-08  3.916e-12  9.99992e-07
update 2.0  xPPredic_SLAM 
  0.0795212  0.03916  0.0163358  2.04788e-07  -3.916e-07
  0.03916  0.0208242  0.00817147  -3.916e-07  7.91758e-07
  0.0163358  0.00817147  0.00461221  -1.63358e-07  -8.17147e-08
  2.04788e-07  -3.916e-07  -1.63358e-07  9.99998e-07  3.916e-12
  -3.916e-07  7.91758e-07  -8.17147e-08  3.916e-12  9.99992e-07
  RobotPos init once: dt(秒) Vx Vy  0.185213 0 0
  RobotPos init once: x y theta v w  0 0 -0.00763689 0 -0.00523599
T=0.186
~~~~~~~~start~~~~~~~~~~~~~~~~~~~~~~~
genobservation: dst theta Id 5.3503 2.0409 19
observer0 Landmark_observed_Num id list:  
   1
observer2 Landmark_observed_Num.size()  1
~~~~~~~~obser finish~~~~~~~~~~~~~~~~~~~~~~~ 1
Velocity mode (Vd,Wd):  0  0.001
miu_SLAM 
miu_SLAM 
  -0.0103408
  0.0204626
  0.00532677
  -2.42481
  4.84721
Fx
  1  0  0  0  0
  0  1  0  0  0
  0  0  1  0  0
cal_temp
  0
  0
  0.000186
 5  -0.0103408  1
xPredic_SLAM 
  -0.0103408
  0.0204626
  0.00551277
  -2.42481
  4.84721
XpPredic_SLAM 
  0.0795212  0.03916  0.0163358  2.04788e-07  -3.916e-07
  0.03916  0.0208242  0.00817147  -3.916e-07  7.91758e-07
  0.0163358  0.00817147  0.00461221  -1.63358e-07  -8.17147e-08
  2.04788e-07  -3.916e-07  -1.63358e-07  9.99998e-07  3.916e-12
  -3.916e-07  7.91758e-07  -8.17147e-08  3.916e-12  9.99992e-07
  
  -0.0103408
  0.0204626
  0.00551277
  -2.42481
  4.84721
  
observer mode 3 delta  [-2.41447, 4.82675]
observer mode 4 delta zp.x zp.y   5.39696   2.02911
update check    q 29.1272
update check   Ht_temp 
  13.0308  -26.0498  0  -13.0308  26.0498
  4.82675  2.41447  -29.1272  -4.82675  -2.41447
update check   Fj 
  1  0  0  0  0
  0  1  0  0  0
  0  0  1  0  0
  0  0  0  1  0
  0  0  0  0  1
update check   xPPred_SLAM 
  0.0795212  0.03916  0.0163358  2.04788e-07  -3.916e-07
  0.03916  0.0208242  0.00817147  -3.916e-07  7.91758e-07
  0.0163358  0.00817147  0.00461221  -1.63358e-07  -8.17147e-08
  2.04788e-07  -3.916e-07  -1.63358e-07  9.99998e-07  3.916e-12
  -3.916e-07  7.91758e-07  -8.17147e-08  3.916e-12  9.99992e-07
update check   Qt 
  0.01  0
  0  0.01
update check   Ht 
  0.447376  -0.894346  0  -0.447376  0.894346
  0.165713  0.0828941  -1  -0.165713  -0.0828941
update 0.1 St 
  0.0112346  -1.09755e-09
  -1.1018e-09  0.011246
update 0.2 Kt 
  0.0492097  0.00783043
  -0.0982546  0.00391709
  1.00443e-05  -0.109174
  -4.921e-07  -7.83062e-08
  9.82551e-07  -3.91719e-08
update 0.3 xPred_SLAM 
  -0.0103408
  0.0204626
  0.00551277
  -2.42481
  4.84721
update 0.3 xPPred_SLAM 
  -0.0103408
  0.0204626
  0.00551277
  -2.42481
  4.84721
update 0.4 delta_z 
  -0.0466628
  0.0117846
update 0.31 xPred_SLAM 
  -0.0125448
  0.0250936
  0.00422574
  -2.42481
  4.84721
update 0.41 xPPred_SLAM 
  0.0794933  0.039214  0.0163454  2.05067e-07  -3.9214e-07
  0.039214  0.0207155  0.00817629  -3.9214e-07  7.92845e-07
  0.0163454  0.00817629  0.00447817  -1.63454e-07  -8.17629e-08
  2.05067e-07  -3.9214e-07  -1.63454e-07  9.99998e-07  3.9214e-12
  -3.9214e-07  7.92845e-07  -8.17629e-08  3.9214e-12  9.99992e-07
update 1.0  miu_SLAM 
  -0.0125448
  0.0250936
  0.00422574
  -2.42481
  4.84721
update 1.1  xP_SLAM 
  0.0794933  0.039214  0.0163454  2.05067e-07  -3.9214e-07
  0.039214  0.0207155  0.00817629  -3.9214e-07  7.92845e-07
  0.0163454  0.00817629  0.00447817  -1.63454e-07  -8.17629e-08
  2.05067e-07  -3.9214e-07  -1.63454e-07  9.99998e-07  3.9214e-12
  -3.9214e-07  7.92845e-07  -8.17629e-08  3.9214e-12  9.99992e-07
update 2.0  xPPredic_SLAM 
  0.0794933  0.039214  0.0163454  2.05067e-07  -3.9214e-07
  0.039214  0.0207155  0.00817629  -3.9214e-07  7.92845e-07
  0.0163454  0.00817629  0.00447817  -1.63454e-07  -8.17629e-08
  2.05067e-07  -3.9214e-07  -1.63454e-07  9.99998e-07  3.9214e-12
  -3.9214e-07  7.92845e-07  -8.17629e-08  3.9214e-12  9.99992e-07
  RobotPos init once: dt(秒) Vx Vy  0.181695 0 0
  RobotPos init once: x y theta v w  0 0 -0.00785887 0 -0.00122173
T=0.179
~~~~~~~~start~~~~~~~~~~~~~~~~~~~~~~~
genobservation: dst theta Id 5.41319 2.03197 19
observer0 Landmark_observed_Num id list:  
   1
observer2 Landmark_observed_Num.size()  1
~~~~~~~~obser finish~~~~~~~~~~~~~~~~~~~~~~~ 1
Velocity mode (Vd,Wd):  0  0.001
miu_SLAM 
miu_SLAM 
  -0.0125448
  0.0250936
  0.00422574
  -2.42481
  4.84721
Fx
  1  0  0  0  0
  0  1  0  0  0
  0  0  1  0  0
cal_temp
  0
  0
  0.000179
 5  -0.0125448  1
xPredic_SLAM 
  -0.0125448
  0.0250936
  0.00440474
  -2.42481
  4.84721
XpPredic_SLAM 
  0.0794933  0.039214  0.0163454  2.05067e-07  -3.9214e-07
  0.039214  0.0207155  0.00817629  -3.9214e-07  7.92845e-07
  0.0163454  0.00817629  0.00447818  -1.63454e-07  -8.17629e-08
  2.05067e-07  -3.9214e-07  -1.63454e-07  9.99998e-07  3.9214e-12
  -3.9214e-07  7.92845e-07  -8.17629e-08  3.9214e-12  9.99992e-07
  
  -0.0125448
  0.0250936
  0.00440474
  -2.42481
  4.84721
  
observer mode 3 delta  [-2.41227, 4.82212]
observer mode 4 delta zp.x zp.y   5.39183   2.03024
update check    q 29.0719
update check   Ht_temp 
  13.0066  -26.0001  0  -13.0066  26.0001
  4.82212  2.41227  -29.0719  -4.82212  -2.41227
update check   Fj 
  1  0  0  0  0
  0  1  0  0  0
  0  0  1  0  0
  0  0  0  1  0
  0  0  0  0  1
update check   xPPred_SLAM 
  0.0794933  0.039214  0.0163454  2.05067e-07  -3.9214e-07
  0.039214  0.0207155  0.00817629  -3.9214e-07  7.92845e-07
  0.0163454  0.00817629  0.00447818  -1.63454e-07  -8.17629e-08
  2.05067e-07  -3.9214e-07  -1.63454e-07  9.99998e-07  3.9214e-12
  -3.9214e-07  7.92845e-07  -8.17629e-08  3.9214e-12  9.99992e-07
update check   Qt 
  0.01  0
  0  0.01
update check   Ht 
  0.447393  -0.894338  0  -0.447393  0.894338
  0.165869  0.082976  -1  -0.165869  -0.082976
update 0.1 St 
  0.0110989  -2.94187e-09
  -2.94248e-09  0.011108
update 0.2 Kt 
  0.0444869  0.00845526
  -0.0884516  0.00423002
  3.9866e-05  -0.0979941
  -4.44872e-07  -8.45557e-08
  8.84525e-07  -4.23017e-08
update 0.3 xPred_SLAM 
  -0.0125448
  0.0250936
  0.00440474
  -2.42481
  4.84721
update 0.3 xPPred_SLAM 
  -0.0125448
  0.0250936
  0.00440474
  -2.42481
  4.84721
update 0.4 delta_z 
  0.0213504
  0.00172758
update 0.31 xPred_SLAM 
